3684079.0
6898466.0
1005431.0
2599710.0
384548.0
1903938.0
1405137.0
1727324.0
1522671.0
2195719.0
323461.0
4776556.0
12376839.0
3948047.0
1400765.0
1904365.0
2320894.0
2542098.0
2916501.0
133606.0
3804129.0
1700745.0
2276607.0
1129713.0
2323575.0
9389733.0
1805247.0
1164101.0
2590526.0
2354787.0
1850959.0
288769.0
1387645.0
306330.0
994476.0
1756844.0
3943346.0
296808.0
183673.0
189040.0
6068080.0
4894864.0
5103065.0
1150402.0
4236847.0
1603067.0
7510242.0
7038403.0
1934385.0
3018523.0
16874183.0
601836.0
3834960.0
1630132.0
3989143.0
4259094.0
1563189.0
5250418.0
10847439.0
3983783.0
808429.0
5180371.0
3574069.0
593390.0
7660926.0
26595296.0
8843343.0
1627110.0
2582117.0
2424131.0
7347052.0