13150403.0
1618017.0
1462159.0
2404608.0
1516637.0
14899637.0
19026523.0
218097.0
20385823.0
44576934.0
2593237.0
28009789.0
32320205.0
26297021.0
106309.0
41905231.0
518177.0
1203945.0
240775.0
1321028.0
18644505.0
15578122.0
31409265.0
84189953.0
6003518.0
8253496.0
3438082.0
2424738.0
5214857.0
2424131.0
47083734.0
36543340.0
3597686.0
506748.0
2424243.0
20595081.0
37046240.0
2393015.0
6221802.0
10674388.0
3516359.0
4994417.0
8201227.0
7778529.0
2159786.0
28233128.0
1695722.0
2435844.0
24030059.0
9192145.0
24123324.0
1462851.0
3417330.0
37974168.0
3372719.0
6743305.0
2436476.0
3386103.0
13547623.0
6160387.0
11380582.0
10491203.0
2420222.0
1120791.0
21430034.0
1059089.0
1885678.0
2346552.0
3793119.0
3194779.0
4743603.0
915323.0
56289623.0
3311860.0
4851916.0
2656389.0
4730293.0
7038403.0
11675285.0
287560.0
9135247.0
21804778.0
6959002.0
3168759.0
1850365.0
48849524.0
26465206.0
116788.0
2836258.0
36639209.0
7348371.0
3103884.0
1783166.0
34079190.0
1837956.0
13680694.0
5501879.0
92669.0
13720238.0
7604023.0
365015.0
82624435.0
3056059.0
280368.0
1730402.0
13719290.0
1109766.0
7775962.0
44778602.0
10443289.0
3481562.0
12291626.0
2323390.0
2621319.0
8552854.0
283726.0
15962338.0
12017824.0
20565355.0
425147.0
18849972.0
5387245.0
3569497.0
2476243.0
8004531.0
1217216.0
4487940.0
19005138.0
3772765.0
4774417.0
8448863.0
2590526.0
8819601.0
13089269.0
439826.0
19149635.0
4213684.0
1803986.0
6094073.0
2260947.0
4106343.0
461374.0
25043789.0
780854.0
8134038.0
3364658.0
3249116.0
1073908.0
9479785.0
14115949.0
1603067.0
13352275.0
6398824.0
16800270.0
26353981.0
2301114.0
1655561.0
8367340.0
3470393.0
10847439.0
14478542.0
2644906.0
402858.0
21558429.0
5092295.0
2935665.0
2323575.0
19308295.0
7281953.0
593390.0
1216273.0
37167909.0
6238618.0
1419979.0
423495.0
174377.0
667954.0
7178190.0
215341.0
8070536.0
2738100.0
23726463.0
3943249.0
335551.0
4067426.0
22367850.0
1636000.0
1413161.0
31100833.0
21979822.0
3488983.0
19746341.0
831403.0
10495058.0
21119005.0
5951478.0
591813.0
5666339.0
3579677.0
559834.0
5375759.0
6860614.0
13429898.0
3756850.0
21776434.0
14368061.0
3123001.0
212248.0
35175024.0
1849243.0
15599886.0
8889267.0
2327652.0
850495.0
34780520.0
1783594.0
1710863.0
522423.0
12312263.0
1737651.0
1149416.0
439420.0
37000775.0
1450761.0
602548.0
6394625.0
36281396.0
3302796.0
9319641.0
984825.0
8046091.0
23069503.0
6707377.0
2900824.0
374035.0
6379583.0
4937747.0
1452119.0
787499.0
4056360.0
1644858.0
36356974.0
1023781.0
5030844.0
22389237.0
1763504.0
288335.0
17108389.0
553718.0
9920708.0
7967844.0
17999372.0
4027056.0
1282165.0
4097457.0
1615119.0
12412479.0
133939.0
1304350.0
39834967.0
1013719.0
10393708.0
116360.0
1747204.0
2136208.0
17063958.0
8845765.0
1637912.0
1660424.0
4046772.0
4013766.0
19354703.0
8795326.0
8411551.0
8733896.0
1401877.0
957045.0
30908889.0
1508855.0
12542977.0
1864043.0
1187926.0
538528.0
557974.0
9177420.0
1308237.0
4402594.0
983850.0
7361898.0
1614029.0
7968141.0
10963068.0
3409968.0
1497589.0
588876.0
2346717.0
12427707.0
10399925.0
1084629.0
6137589.0
13670863.0
26110678.0
20187411.0
577221.0
1706312.0
7365928.0
3520134.0
1789722.0
5478108.0
12766863.0
3490359.0
13489477.0
863203.0
16571022.0
110144.0
245518.0
1331421.0
182599.0
15131615.0
311892.0
13355589.0
10572608.0
4000084.0
5495492.0
37654287.0
3564229.0
12924172.0
24668658.0
3098160.0
1847503.0
5111949.0
38162237.0
19593505.0
1903938.0
1231360.0
4084289.0
4876079.0
262535.0
2905568.0
262593.0
5052874.0
6021015.0
415170.0
13648331.0
1310143.0
7333853.0
10021790.0
2490121.0
9816212.0
1205335.0
5645965.0
4018952.0
2116733.0
22756638.0
311729.0
6324145.0
10379207.0
2088813.0
3983163.0
1323252.0
9941501.0
1855274.0
1284150.0
604426.0
315770.0
1224728.0
2164487.0
391026.0
13872795.0
7760635.0
4848511.0
1442731.0
17327103.0
1978998.0
1905161.0
1962573.0
1876677.0
2642132.0
576925.0
186450.0
5280109.0
4548902.0
1944374.0
1154552.0
4529953.0
13875441.0
11332143.0
327434.0
1124501.0
7173167.0
568077.0
33422280.0
1634025.0
1679088.0
4663085.0
4899033.0
1675720.0
6119866.0
5618360.0
3948047.0
722757.0
109652.0
5706594.0
5190714.0
1423725.0
6762797.0
12478124.0
7061008.0
3419730.0
2366474.0
1450095.0
10390271.0
1833090.0
340943.0
12846124.0
584854.0
2730001.0
2270582.0
12557155.0
1783701.0
2639794.0
1243195.0
20602787.0
7163533.0
3134246.0
28980231.0
2320894.0
1700745.0
14396227.0
3949717.0
10458322.0
14478908.0
36558465.0
12243285.0
23512928.0
3800500.0
6033817.0
104028.0
1315812.0
2392384.0
1129713.0
336288.0
1002348.0
17599254.0
4688695.0
867729.0
722861.0
6587978.0
10413978.0
7247329.0
6222.0
1993533.0
2728718.0
384548.0
3433850.0
3416738.0
8819545.0
3877385.0
306330.0
8783869.0
1988322.0
17043152.0
11477652.0
285611.0
171196.0
12558355.0
720544.0
130315.0
13045297.0
14925899.0
1751430.0
18650411.0
13125039.0
24979185.0
4671192.0
2309155.0
3586046.0
305721.0
277422.0
1179165.0
3585457.0
4913072.0
1123590.0
1003912.0
1466247.0
9678215.0
1231348.0
41929929.0
1769294.0
117982.0
3092222.0
3576629.0
5887858.0
4203551.0
23869994.0
7819088.0
3979847.0
1668485.0
12274527.0
29083345.0
11328609.0
32408511.0
29960839.0
358580.0
395702.0
19965673.0
7664988.0
34697234.0
2599710.0
2905599.0
20904837.0
23666757.0
3999972.0
20187980.0
2483022.0
3211284.0
3673069.0
2916067.0
31191629.0
5946819.0
22687816.0
11460770.0
437664.0
12726147.0
287827.0
758154.0
323139.0
3598759.0
17896084.0
2604562.0
3371135.0
11135442.0
20010053.0
27117126.0
134614.0
26816676.0
18689171.0
340874.0
3678214.0
9980001.0
6123206.0
26578113.0
4488376.0
1760211.0
10163092.0
2109462.0
4334886.0
7285720.0
14762808.0
10232528.0
17546094.0
803831.0
31279728.0
4587013.0
22541671.0
5201565.0
26079812.0
699991.0
17592600.0
2956675.0
2262698.0
663394.0
9232885.0
277038.0
3125765.0
5654877.0
6374317.0
1678917.0
7510242.0
174573.0
3428163.0
1627682.0
1960580.0
1292406.0
10445770.0
1563189.0
28578098.0
2099389.0
6188.0
16438175.0
7186660.0
50757.0
2655853.0
9421925.0
323461.0
27479305.0
17206459.0
6679786.0
520785.0
16697560.0
4107267.0
33069913.0
2647704.0
7257634.0
2289445.0
13394459.0
1116542.0
10288498.0
7488511.0
269660.0
8870473.0
8089198.0
17555014.0
10746593.0
4776556.0
18885585.0
4115793.0
15517763.0
8477512.0
439230.0
4571461.0
592757.0
7957544.0
15372436.0
9399506.0
3407398.0
1759446.0
1326031.0
1870992.0
16874183.0
5250418.0
3983729.0
15151623.0
11699493.0
11944875.0
13313518.0
1138679.0
2530135.0
4236847.0
40087798.0
63330472.0
9567228.0
13787818.0
24787605.0
7171805.0
5276222.0
3175306.0
188840.0
11168033.0
4848740.0
2117152.0
2056845.0
1319112.0
3989143.0
25495602.0
3952107.0
7917785.0
30466500.0
1720003.0
6390713.0
2613217.0
4259094.0
9115047.0
40419609.0
926573.0
18888179.0
254096.0
12772912.0
12607349.0
6728810.0
2109406.0
23570097.0
6731460.0
6392625.0
12484732.0
4672076.0
8619538.0
7491815.0
4993592.0
1621202.0
4892114.0
2926114.0
2784358.0
2508843.0
541253.0
462617.0
2195375.0
3777776.0
1850959.0
6364497.0
27595856.0
1729691.0
11003971.0
1636003.0
16032744.0
14929135.0
186522.0
3491673.0
1921527.0
7339763.0
4138296.0
12876219.0
3471468.0
2568249.0
13139879.0
4537138.0
7121246.0
38905095.0
274983.0
9796680.0
9659008.0
524774.0
1967043.0
11394929.0
20520175.0
6174220.0
269248.0
16358800.0
2226829.0
4828361.0
5060232.0
8516384.0
5762377.0
7331365.0
14866568.0
2543430.0
11770546.0
1104598.0
14450219.0
8239436.0
4013280.0
15806002.0
670021.0
2469093.0
2137836.0
891939.0
16574533.0
2858063.0
13306598.0
972735.0
1150402.0
34475636.0
2474341.0
35761065.0
3281320.0
452871.0
19084077.0
12427912.0
15104335.0
4048714.0
1038655.0
375041.0
644524.0
2032644.0
48184453.0
5571896.0
15393684.0
3834960.0
2685219.0
32362188.0
9939269.0
22387912.0
28007299.0
364352.0
1408559.0
14651095.0
1577875.0
924131.0
27279592.0
4496597.0
14588610.0
2821089.0
2652993.0
1522671.0
7344078.0
32821086.0
3581686.0
1546243.0
13633597.0
7026027.0
8053834.0
2613903.0
1428169.0
4420357.0
31331997.0
321346.0
11591142.0
288769.0
7641773.0
2237545.0
9458446.0
21513749.0
13232746.0
9766703.0
2714266.0
3143676.0
7852070.0
7453760.0
1005431.0
1485477.0
19985181.0
2643765.0
1751647.0
36495113.0
2754904.0
7019829.0
260677.0
12541394.0
222024.0
1387645.0
1754389.0
15341472.0
3402367.0
3046537.0
6046315.0
8362026.0
13194699.0
66176341.0
11673347.0
22822277.0
6206971.0
1118391.0
4698922.0
5943644.0
14662792.0
37745230.0
1964619.0
1592337.0
1679361.0
7642686.0
50907.0
18286390.0
2355371.0
7252224.0
14970688.0
338452.0
4175236.0
1664495.0
5287750.0
3597358.0
32752305.0
5530842.0
6072239.0
1709131.0
479385.0
1760759.0
19021846.0
2835838.0
452713.0
12249974.0
26853748.0
3459281.0
10522870.0
32218021.0
28635374.0
2099192.0
2283295.0
500032.0
7999907.0
2173316.0
1404533.0
5114165.0
2095896.0
553380.0
114920.0
2563504.0
19342022.0
30291.0
1805247.0
2871115.0
14983979.0
5653453.0
23012504.0
31080739.0
14150969.0
1775452.0
26479654.0
1785181.0
3745308.0
35372190.0
15684915.0
183734.0
4987279.0
23212100.0
7633523.0
387215.0
45180733.0
15718993.0
2354787.0
621446.0
41083066.0
616061.0
313453.0
5103065.0
1813604.0
667297.0
20732635.0
29140444.0
382890.0
19150197.0
15742761.0
1698342.0
2111315.0
8424173.0
1171857.0
20161082.0
807077.0
1193046.0
13506107.0
8216019.0
2309164.0
4236730.0
14728269.0
666711.0
1128302.0
25206273.0
2582117.0
1149672.0
3395425.0
9680598.0
1832492.0
1175434.0
3909207.0
2010779.0
9311914.0
3356275.0
1597609.0
9503563.0
24843600.0
3552075.0
24379225.0
2644559.0
12709027.0
13065971.0
13420158.0
3684079.0
3068615.0
9180611.0
43757885.0
11301116.0
13764349.0
1785446.0
1134899.0
2173771.0
5858380.0
10403487.0
3685691.0
713550.0
180308.0
3073764.0
26769275.0
4088123.0
440227.0
1400765.0
3209994.0
10499701.0
1514397.0
2573969.0
1690724.0
27288979.0
4411135.0
4980290.0
5361003.0
5213678.0
2099899.0
743112.0
1808024.0
1276761.0
2541904.0
2916501.0
26726869.0
7652767.0
3018523.0
8758.0
1398975.0
10045754.0
10925190.0
5444867.0
3698132.0
6274194.0
9389733.0
1164101.0
3689012.0
7285895.0
18244845.0
20617547.0
4394333.0
21536765.0
22906462.0
2293599.0
2568143.0
3711794.0
1703812.0
1366105.0
19914823.0
7181420.0
21183491.0
186606.0
6610252.0
1789488.0
183673.0
8075081.0
197359.0
4490396.0
7488690.0
8691592.0
2191893.0
8921785.0
278282.0
26595296.0
550866.0
7830934.0
2054608.0
10723151.0
704876.0
1074765.0
8789220.0
9782781.0
425078.0
314706.0
808429.0
3931267.0
13944026.0
9545283.0
232212.0
4848800.0
35597701.0
17843139.0
416196.0
812782.0
3396292.0
4049155.0
2911686.0
3270039.0
11126344.0
1515613.0
31201992.0
1554175.0
3611828.0
1934385.0
1312486.0
1423405.0
3005446.0
10522627.0
10888294.0
35680957.0
2009928.0
18340568.0
676750.0
4047775.0
3595088.0
427834.0
7626334.0
4225506.0
880187.0
11152709.0
12274525.0
259171.0
17840086.0
2489791.0
18956034.0
10887608.0
27036849.0
1557033.0
766515.0
3243335.0
692158.0
3269333.0
28864199.0
6948313.0
2483501.0
108291.0
2922866.0
2276607.0
1836077.0
7646537.0
26232762.0
4753119.0
505408.0
120454.0
3625441.0
2006007.0
388879.0
4981408.0
1820252.0
1024367.0
259263.0
9873166.0
1311227.0
1053827.0
2321729.0
9951862.0
16345356.0
14295004.0
1006840.0
1932146.0
4339786.0
3283509.0
1644299.0
8660318.0
4951011.0
2307555.0
6898466.0
1936233.0
694754.0
1306705.0
6061359.0
4107310.0
1867924.0
1633428.0
1344889.0
8409483.0
5106272.0
21031.0
7650668.0
137168.0
15336498.0
6068080.0
2957127.0
9286245.0
10503863.0
17888092.0
3128098.0
8843343.0
69711305.0
44644405.0
14944514.0
3310687.0
8842341.0
3418802.0
46449479.0
270912.0
9176921.0
32860766.0
15781522.0
19220743.0
19317173.0
8712826.0
8899.0
1652424.0
9796952.0
1657853.0
4215024.0
5798962.0
48673211.0
8350667.0
26565115.0
3368367.0
17717289.0
2744583.0
4227606.0
3423315.0
3481824.0
1088533.0
1915664.0
29740629.0
1651134.0
3574069.0
3512815.0
10797363.0
1709071.0
32402498.0
13773804.0
610985.0
10166206.0
1614461.0
12509175.0
366860.0
3429256.0
1802727.0
10757845.0
4581235.0
26475512.0
1821678.0
22259638.0
2133231.0
14936457.0
2371741.0
2373107.0
326585.0
19876549.0
164676.0
18888902.0
2971302.0
3157807.0
20315812.0
1733667.0
16192358.0
6316317.0
4929761.0
146498.0
20232939.0
18311935.0
9055.0
18233538.0
3712535.0
785450.0
11345455.0
9162783.0
15726977.0
2676267.0
15293379.0
1178628.0
9112966.0
3964385.0
11151360.0
648928.0
1060821.0
1474871.0
534744.0
29028250.0
14387790.0
3976177.0
4303160.0
1622199.0
13863932.0
3732430.0
21712783.0
27129740.0
18800845.0
2102780.0
4884884.0
2192184.0
3542239.0
5915515.0
2348563.0
295073.0
5303751.0
2557063.0
12340957.0
1177611.0
1841156.0
37218423.0
3060100.0
60143625.0
3391355.0
759393.0
2021447.0
1756844.0
9393290.0
269031.0
5579361.0
11475142.0
1676655.0
15047461.0
403508.0
1996868.0
18663033.0
2809783.0
3490128.0
1930273.0
63456809.0
1126469.0
19932063.0
1060066.0
1126609.0
8014620.0
9781378.0
14629148.0
20332275.0
5968580.0
3952053.0
367688.0
10545603.0
2114289.0
1992491.0
1809256.0
1732923.0
22157576.0
2159156.0
3916602.0
7347052.0
2542098.0
49785133.0
6606707.0
4472797.0
1492619.0
145391.0
1675856.0
2041772.0
23138357.0
559112.0
3422017.0
5008587.0
10216191.0
2445348.0
3575404.0
3296631.0
16345903.0
7296868.0
1220401.0
3689004.0
5311912.0
2332012.0
1692288.0
1439295.0
7709703.0
2013082.0
1325926.0
69544.0
37643709.0
1627110.0
10780095.0
175729.0
2373068.0
1904365.0
4894864.0
36940113.0
430673.0
3417988.0
276702.0
630070.0
901577.0
32370120.0
1182681.0
2067908.0
2905866.0
4449223.0
1097683.0
2203430.0
3966534.0
2119306.0
2217800.0
14717562.0
6973093.0
12572856.0
412129.0
5502015.0
1982649.0
5259739.0
5096617.0
20606115.0
3264865.0
13759019.0
21952804.0
13393892.0
2547704.0
13725264.0
5727288.0
3983783.0
7330381.0
13590474.0
450531.0
16756310.0
2454485.0
12443008.0
7177418.0
1149352.0
750050.0
3310092.0
7295755.0
3969029.0
994476.0
463766.0
16551914.0
263443.0
5070415.0
4040441.0
2094318.0
9533389.0
6976598.0
909835.0
18116716.0
17241100.0
266080.0
1676111.0
23008351.0
1745119.0
2519858.0
3855537.0
2957348.0
982321.0
2468821.0
22746675.0
2807336.0
1727324.0
3284087.0
983735.0
1712082.0
5544733.0
37379741.0
622396.0
15178847.0
307079.0
2004468.0
788330.0
2592883.0
3804129.0
557705.0
1616670.0
11130990.0
20282992.0
4559866.0
20511815.0
9695585.0
2716222.0
17170741.0
1015750.0
1954299.0
2311517.0
13801771.0
806678.0
1820539.0
2195719.0
3836102.0
12853663.0
7472641.0
2176156.0
408163.0
15310584.0
6122694.0
27139866.0
133606.0
28869974.0
542394.0
4067146.0
2305481.0
14275673.0
4107078.0
3943346.0
543029.0
3100044.0
902435.0
974099.0
1880115.0
9112353.0
6913455.0
18760483.0
2261653.0
11613655.0
32608936.0
4331431.0
2824377.0
683033.0
11514904.0
11770217.0
1053987.0
7033791.0
1910746.0
1387675.0
13222081.0
2686441.0
2776056.0
24521924.0
3114986.0
3037336.0
11443362.0
434588.0
2959728.0
7070320.0
1593769.0
3645709.0
3530526.0
4748635.0
1750959.0
27014065.0
11887018.0
19813177.0
6781983.0
37452992.0
29568372.0
416706.0
31343453.0
5183286.0
15466114.0
7542.0
5654130.0
3613487.0
4805595.0
576797.0
2455522.0
2566327.0
19286143.0
19365881.0
722547.0
791886.0
5762265.0
3286366.0
3862386.0
1170160.0
7172433.0
1454785.0
13806493.0
2014488.0
6244348.0
1630132.0
37644307.0
189040.0
11516170.0
2987896.0
15837093.0
490505.0
1852569.0
690926.0
3845114.0
1745293.0
7131403.0
23710274.0
1126708.0
1440561.0
3500097.0
9840210.0
9776534.0
601836.0
5540053.0
3224465.0
2739223.0
433483.0
4936138.0
9003530.0
13375757.0
1662541.0
2219780.0
513412.0
7660926.0
12376839.0
1440061.0
15508012.0
2144572.0
33946957.0
1737657.0
4957556.0
3988420.0
3765712.0
5566760.0
4125056.0
1123635.0
2598610.0
33892551.0
4501663.0
16072751.0
1710748.0
291164.0
5796987.0
7578490.0
16148174.0
12778689.0
259470.0
582637.0
18193865.0
792910.0
30101310.0
9722733.0
15704131.0
1714205.0
7279009.0
1476851.0
17916554.0
601041.0
3418221.0
664724.0
225893.0
5180371.0
19161146.0
2513474.0
287820.0
128502.0
4419459.0
3315013.0
1786916.0
3372367.0
8629248.0
49597893.0
381804.0
1711929.0
4044192.0
4057312.0
1405137.0
792782.0
296808.0
21116758.0
13333359.0
1587801.0
13084830.0
6766614.0
7332759.0
